[app/ui]
version = 8.0.2
modtime = 1594591337.536076000

[app/launcher]
version = 8.0.2
modtime = 1594591337.540207000
